+380519940954;25
+380519942565;45
+380684224133;70
+380519940942;46
+380519943428;50
+380519943429;50
+380519940627;45
+380519941019;49
+380519942570;45
+380519941269;45
+380519942569;45
+380519941020;49
+380519942591;50
+380519942564;50
+380519946063;45
+380519946245;46
+380519945574;46
+380519946243;44
+380519944775;36
+380519943429;50
+380519942588;50
+380519942589;4
+380519943686;47
+380519940988;22
+380519946247;30
+380519942571;50
+380519972063;41
+380519942587;50
+380204471288;50
+380519943434;50
+380519940928;50
+380687916179;70
+380204432511;80
+380519940945;46
+380519942681;49
+380519942585;49
+380519940941;47
+380519943690;28
+380519942563;50
+380962906519;75
+380519943697;28
+380519943691;28
+380519943689;28
+380519943705;28
+380519943698;28
+380519943694;38
+380519945340;45
+380519941274;45
+380204475312;80
+380519940894;22
+380978677571;70
+380519945561;45
+380519943688;50
+380519944941;48
+380519948883;34
+380519945029;36
+380519946249;50
+380519946246;50
+380988135568;70
+380519948884;35
+380519944940;44
+380519940946;50
+380519943696;28
+380519943703;49
+380995501659;35
+380204432509;80
+380519946237;50
+380519940971;43
+380968561300;70
+380687916193;70
+380686088473;70
+380519945341;49
+380519945563;49
+380204482812;80
+380519944773;37
+380519944934;44
+380519940922;22
+380519941273;4
+380519942584;4
+380519945569;45
+380519945566;45
+380519944939;48
+380519945565;49
+380519945338;49
+380519946238;49
+380519944933;49
+380519945348;49
+380519945399;46
+380687916237;70
+380519945028;35
+380519945403;45
+380519945557;49
+380519942590;50
+380681173285;70
+380519945558;50
+380519945559;49
+380978678364;70
+380519945347;49
+380519945560;46
+380519946256;49
+380519941270;48
+380519942562;4
+380519943700;28
+380685816720;50
+380519943704;47
+380519942566;44
+380519946254;50
+380519943635;22
+380519942567;50
+380519945573;45
+380519945568;45
+380204475313;80
+380519945562;45
+380519945400;45
+380519943425;50
+380519943430;50
+380519943431;50
+380519945570;46
+380519941600;50
+380519946250;45
+380519943433;50
+380519945564;45
+380519945567;46
+380519945346;45
+380519945351;45
+380519945342;45
+380519946056;49
+380519945572;45
+380519946252;30
+380667266160;35
+380519945571;45
+380519943432;50
+380519943692;50
+380519946240;4
+380519940973;47
+380204471278;80
+380201032524;80
+380663681339;35
+380204482712;80
+380978302991;70
+380204482690;80
+380204482713;80
+380204482691;80
+380204482693;80
+380204471276;80
+380681891284;70
+380519943695;48
+380519946253;45
+380204471296;80
+380519946255;44
+380995501677;35
+380519942592;48
+380995501638;35
+380204471280;80
+380204498149;80
+380519946242;50
+380204486395;80
+380204486369;80
+380204486394;80
+380687916113;70
+380204486391;80
+380519972061;11
+380519946244;46
+380519942568;50
+380519943706;28
+380519940897;42
+380519945343;49
‎+380667233887;35
‎+380506302977;50

